#1
double 4a(9, 3) #Table 4a in Kim[2012] for pitch=24.6, dh=0.922 (dc=1.3 mm))
5 0.0019 1.1187
10 0.01775 0.90795 
15 0.06455 0.81021 
20 0.08918 0.8136 
25 0.1442  0.79529 
30 0.21115 0.78615 
35 0.29342 0.78118 
40 0.39158 0.7799 
45 0.51539 0.77944 

double 4b(9, 3) #Table 4b in Kim[2012] for pitch=24.6, dh=0.922 (dc=1.3 mm))
5  0.00366 1.07165 
10 0.02536 0.91728 
15 0.0696  0.85362 
20 0.12817 0.83085 
25 0.19392 0.82838 
30 0.27701 0.82549 
35 0.37934 0.82413 
40 0.49995 0.82555 
45 0.65898 0.82508 

double 4c(9, 3) #Table 4c in Kim[2012] for pitch=24.6, dh=0.922 (dc=1.3 mm))
5 0.0034 1.0502 
10 0.02342 0.8863 
15 0.06677 0.81258 
20 0.12748 0.78473 
25 0.17458 0.79345 
30 0.25418 0.7867 
35 0.35159 0.78015 
40 0.46869 0.78205 
45 0.62339 0.78214 

double 4d(9, 3) #Table 4d default table for other cases
5 0.0001 0.0002
10 0 0
15 0 0
20 0 0
25 0 0
30 0 0
35 0 0
40 0 0
45 0 0

double 5a(9, 3) #Table 5a in Kim[2012] for pitch=24.6, dh=0.922 (dc=1.3 mm))
5   0.00036  1.18213 
10  0.0022   0.99841 
15  0.00544  0.91361 
20  0.00894  0.86708 
25  0.01321  0.82738 
30  0.01877  0.78945 
35  0.02578  0.75403 
40  0.03489  0.71951 
45  0.04885  0.67896

double 5b(9, 3) #Table 5b in Kim[2012] for pitch=24.6, dh=0.922 (dc=1.3 mm))
5 0.00061 1.13917 
10 0.00251 1.01844 
15 0.00607 0.93106 
20 0.0118 0.85964 
25 0.02165 0.79051 
30 0.03006 0.76007 
35 0.03845 0.73793 
40 0.04829 0.7159 
45 0.06368 0.68516

double 5c(9, 3) #Table 5c in Kim[2012] for pitch=24.6, dh=0.922 (dc=1.3 mm))
5 0.00071 1.10341 
10 0.00314 0.96567 
15 0.0083 0.86054 
20 0.01703 0.79007 
25 0.02182 0.77285 
30 0.0299 0.7403 
35 0.04247 0.70055 
40 0.05186 0.68039 
45 0.05988 0.66801

double 5d(9, 3) #Table 5d default table for other cases
5 0.000001 0.000003
10 0 0
15 0 0
20 0 0
25 0 0
30 0 0
35 0 0
40 0 0
45 0 0
